220011333444444333322444433222
222233333443344444444443332233
111133332222211222332222211444
223211332222232333222122223444
222222332223334444433222222222
223222233323321444443333321112
122321343333333232333323222223
233323234444423222144444444322
323322222444444444444444444444
222333322222222222222223334444
444444443333333333333333333333
222233333333444444444444444444
222222222222233333333333333222
444333222233333222444444443333
333344444444444444444444333333
443333222223334443334422222222
423322222344444323344444112222
222222333333322224444332222222
333344444444444444444444444442
222222212334444444444444333222
223223334444444431223444444422
200444442323111244344444444422
222222222111044444444444444444
232444444444444444444444423212
423332232244444443444443444444
112222222232222222222234444444
333312222222112113332322212324
333343344444444444444444444444
232232132222222124443322244443
322122332322223323232244322444
232332322323222222322323224444
322122122332232244223222243442
444000223223444444443240004444
400442200002224444342212421203
333323200024440022022444442422
000000432423242004000032222224
000000000000000000000002244242
000000001132324400002322434344
000000000000000044404200003424
000000000444432332334440044343
234443440000000000000441000044
330000000000032322332232300440
000000042223000000000000000000
322000000000000002000000033332
332222223333440000004444433322
000000000000044332224334223221
000000002332120000042333333333
220010003232224444422333243400
010023300033323441000004443344
204300000002344444443223004444
000000000000000342300022434334
003232222444444444443444431212
000000000000000333244432243232
000023300000000000444332122323
200234402040400000000000000004
000000000200000433333403004332
013200233222444442023324444444
000000000004420000000000034444
000000000000000000000411000002
321000000000000000000023233323
000333332244444444443444323333
410010000000043230004300000032
003301101000000000000444000000
000000000000232300000000340000
000000000000000004010024100012
000000000334444444444444444444
110000110000033344444433444444
000134444443300022222222222222
000000000112223333333322222444
000000000000000000000032444444
000000344444444444444444444444
000000000000000000000003344333
000000000000000000000000000044
222000000002222244444444444444
200000000000000322223232000032
000000000000000000000000000333
000000001000100000343400003433
000111333333322333333333333444
000000000000000044443322344224
003300000000000000000000000000
222200000000222222222244444444
223300000000000000003334444444
000000000032222212000000222224
000000000000000000000000000333
000023232322233232221244444444
000000300004132344444032000333
104323322222232444440422223223
000000000000000333422244444444
000000000000000000000000000044
000000333323432232323214444344
000032224444444444444444444444
000000000000000000000000000000
111110000000000000000000000000
000000000333323122222212243444
000000000000000000000000003344
010000000000000333320002333232
200100000000000000010000000042
000000002330000000000024400004
441110111002211110444433434444
010121014344444444444344444443
011444444444444444444444444444
011112211011044444444344444411
111111111011000000000444444444
121111111111111111111111344444
111110110224444444444444444444
111111111011101444444410444441
000011201211210004444444444434
000113404444444444444444444444
444100010101111110310110144444
001112200000000111111111111100
441111211114444444444444434444
100101111111120111444444444443
041111111111144444444433333000
200004444444444444444444444444
421144411002211111100134444400
021002104444334044444444444444
000111110010011111111114211000
444434333000440444433333333444
143443444444441411104344440144
114444344334433333331101444424
100101010101144443444444444443
011101010044444444444440110011
144444443344444443334144444433
000110104111110044444443444440
000000000111110100000433443334
011000001001000000011104444444
011111110114443444343443433443
001111111011111444434421100144
000111000121110111111111100444
111201110011001100444444443341
112111101004444444444444444444
441100000044112222211111111444
212212443221121243434444342222
222244444344442211133344444444
222112211444411111222112444343
221122221211111111111101443344
122111124344311444433444411111
112211111112211111111214441224
122221011134444434412444111212
112221121114444221211121122122
212212101211111211434334333322
221212121144344444344444444334
111111222221112221111444444444
022233344433334412233221122222
222221144444444433333344444444
221111111133333333333333322211
114434434444444433444334412222
444422222232221212212222222212
221111344332221122443321211144
112111111111433332222221111111
222244334434444443334334343343
221122222112221112444444443321
432444333224333324412133441443
222222111111244444444433444444
112112111112222211234443444412
112444422222233433343444441222
312211232221244422244443433344
111112112110444113221104441111
121111110011122211444444444441
222221222124333422111211422244
221222112322443422211121412442
211212222222222222242412222233
221222121110022044444443344441
211222204444241111221144341043
434444322242222211121121344444
122111134444444444444443333221
112444344444444444444444444444
222221111122221144444344443111
111111221121011210111344444444
211122112214444444444444444444
121122111212114444412111113111
111221111111111114444344444444
221112221112112211111111221122
211221212111111212211114444334
222211111121124434444442111222
222111111444444444444444443444
122122122221222214444444444444
212212114443444444444444444444
221111122221444444444444444444
222222222444444444443443444441
222222111111111111111122222222
122211121212221122444444344440
222222111122111211122444412211
122444444413344443444434443444
333111112222224444444444441111
211244444344444343434444443111
442211114444444444444444444444
111122121114444112444444441111
111121444444444444444444444344
222111144444444444444433344111
111111112111111111111111111111
212111112111211122112211112112
111121121122444434444443444330
122221111211444444444444444444
111111111111111144434444422224
111111111111111113344444444444
111121221111114444311212111113
443333333333230100000004444422
113434433111444134331144444434
334444444441111113333444443333
111111211110110003444434111111
000000000000111000443343333222
112210111144444444444444434433
011111100000000000000333444444
331101110000000114444441110010
330110111111111101102211144434
010000011001110000044311111111
111011110131111444444444444443
111111111111111111111111111111
112211011124201443434434313343
111111144322111144114433433443
111111111114444443333333333444
332233333333110044444444444444
333331111444444411111111111333
110100001101143434444423333311
111111111111000444444444444444
133444433333343332441433344333
111111111444444444434444444440
111111211244433343444333333343
411111011011100110111444444444
111000110100044300044433334333
110011114444333333433434323333
110044444444444443333333333333
333111111001110010111111110422
111111000011110011111111001111
441101111114443343333344434333
111111111110011111111111111111
011010011111010100011111010442
110000000011001111111110000011
111001100100000011043433223334
211133332222211232300000000033
333444444444444444444000002222
111111111111111111111111111111
444444444444444443433022102342
444444444444422222222222222222
444444444444444444444444333333
444444443333334444443334422222
444444433333333333111000000000
444444444444444433344444444444
444444222222444444440000001111
444444444444444444444444444444
444444444443300444444334443344
444444444444333333333333333000
444443333444444443444430044444
333344444444440000333300000000
444444333444444400000033322222
444444444444444444444444444444
444444444444444444400000000000
333333334444444444444444433333
444344433344444444444440000443
443244443440000444444440000000
333333333333333333333333333333
444442222222333333333332222222
444400000000000000000000000000
444444444444444444444443333333
333331111222004444334444330011
343444343224442223223444311122
444433444444222222224444222222
222443300000001111113344444444
340221121244344444344124442133
442211111443334443333334444222
433222211112244434444444344431
111121111110011111221000044444
111111144444333443334444444444
122111211122211444411112211433
442111111044444444443444444444
222222111222224444444444433333
212221111111111111122214434444
321112112112221112212112144444
111111111144444211111114424443
222244444433333111111111111111
001143311114434434434344443443
212111114444444444444444444444
221111114433444444444444433333
333331111122200011111444444444
101014344441121113431112434343
444422111111111111222211114443
122212443443331433334433444344
111112244444444444444334444444
431443443434333433343443333323
112211111144444444444444444232
121111122000111122111411444433
121121124333413434433334444141
211444444443344121444444444444
221111111101110101131111013411
002111111110011111001114440111
110211244344444334433343443444
121122221111144332111111111111
011111011141110010144443441241
111110110001231111101013444331
121010004443444110000434004433
211113221332200103123444243324
133300123343411242244344344444
232433344444344442112222244444
313122214444444333341111122222
110121101001041110010000100042
440233444444444444444444444444
000000111111111114444444444444
111114444222220000001111110000
111444444400244444444332244222
112011031212120000334434443443
222111333000112221100000000022
224432231233322222211111244444
333331114443334444444444444444
001444444444444444444444444444
111111111444433333444444411111
444443333330004444444444333322
111332111112111144444112112200
210444011221021004441221444444
001100111221004444444333322222
144344444433333411300244344443
421213212201121113443444234444
012344333234443443344444233344
222044434442101100204444421001
441123322200000122112033444433
321223311103342203234311341212
444222222331110000111111000111
222311122113321010221101111122
222200000000011110001111100000
222101441344423334433344443444
110001100000000223344444444333
333332232334411123343220222223
013302300100000444444211111111
221100000110000000000033444444
041212121212444441221444444212
122222244442223221212212444212
222232221222222222223444444444
222211211234444442222221222211
133321111001011423211111144443
323222214444422124444444444444
221211111010102344212111112214
122211112111111112221110444441
222114232214212222222222222222
232222321211134221121444444444
231333222222122111221144444444
122333234432332222222221144442
133222222333323444444441122222
223322222112211111114444444411
222222222121111111111444333322
222222222333333222222222222222
122222222444442322222221212322
211444444444444344432221444444
222322211111444443244222121111
122222222132222444444444222122
211211211112244444212111214441
222213444444444444344334343322
242232121223232211244444341112
434444442322121221444412312111
223232124442243343444344444442
322221114444444444433322122222
444322121211112111111111122222
221121111111122444123444444421
422222321224444444443333342222
444222212311211221121114422221
322412111114442212144111214332
322221211101144444444443322322
222221111110110044444444444440
000222210144111211122222111442
111122111244444444444444444444
411121211222221444444443342111
334444444411112211111122331111
112111212111222122214444411244
222222222213243344443444434444
121112222224441143444444444444
333444222211222232222222223222
222412222213214344424442214442
222121124441122211222124222222
112222122144444444444344444333
022412444424344422441422444444
214444422244444434344211211442
444112123232123222133444344444
111112222222214441211112222222
244334444444444331111122110011
222444423212223212122332232223
233122312132323224444344444434
422221211122222212224444441011
444432233244434444444442222222
442211222222121142211122244444
432111244444443444324434444444
443221122211122222214444333331
121124444442221212114444444433
222322114443444444444444444444
124444444444244344442123231222
442333332222222211221222224433
442222222222222221111111111111
222212222222222211222222444443
221111233222121112222334443344
221321224322232221124444443422
343422222222212212213434444443
332232222111221211111212212111
444333222111113322211144444444
010212121224444223442324441123
224444444334444443213224422422
221110144121021124444444443321
410001003332211101100011444443
100011011110441444342004444410
300132221112112221021211124444
212021001044444444211443444211
200012144343442111011114434111
010121322444444434444001212243
011112211211412444411012103432
000022111444224441114444440000
111100000001111444444444444444
000011110044441111114442224444
111111110000001111110000000000
444441111111112233444444444444
221104421332314424323331144440
210221111001221111443444434443
000110000002222233111111111222
220422241124444202433344434434
121211444312211444444444444444
333444443313222211114444434333
221112032434420112111143101343
201002244400011444444444121211
312112212114444334343431244411
443222334444444330044444433444
221110332222000011111110001443
300000021111111111122100011111
410000014444444434444344444333
333333410001012333322221444111
300212101111221012122134334444
313112220211100101443344441222
002122411112112112222012204444
010004444444444444444444444444
111444442310110113333433332433
111104442422443444333300114444
333330000111111000033333333333
220122100111110000000044444444
111111000443344333333344444333
002101000000000000444343333333
200100010011110000000444433411
011101044333433334433333333333
100100000033323333333343300002
000101003443342334101001100011
100000100004344333333443444444
001011334334333344444433433344
111100000110000033344433344444
200000011004433234332334410111
111111114444333344444333333444
111111333444444444444444111211
111110000444444444433424434333
441122111111111100112221110033
101143333333432343433422433421
000000000011224433333333344444
110334443232234443333333232334
100034311100033433404334100003
112000001444442010024334334440
110111010103121010343333332323
211001111000444333323344444444
111111111100000443443433444334
011000000000000004443311110000
043312103010011100434343333223
111110010003444444444112111111
221100000011000000044444333311
110110000034411000000000044443
100004442410100441113340000002
000000110000000010010000100100
100003344444411100012222233000
000000222000000333333332224444
000000000000000000000000000011
000000000000000000000003323444
000000000111111111111333333333
000000000000000000000000000000
000001000000100000000000043441
000000000223324333322233000111
000000100000000003000443322111
000000000000000000000000044400
001000000000000000000000000000
111000000000000000333333333222
111000000000000000000033334444
000000000000000000000003332222
111111333333333444444444444444
444444444444444444111144440000
000003200044003300440044444332
111000000000000000000000000000
042244423323332212123444344422
000004322334400440034324333230
143441232223144434343212144433
000000000013333443322222331111
000000000113344440000000000000
042222222444444444422223333111
004433444444444444444444444444
000000000000000000044000111111
000000000044110000000000000033
000100000423212321010222334434
000000000000000400000114444020
110000000001100000100000000003
000000000000000000000000000000
100000000000044324400000320004
011112331112111121112211121133
121211221444334211144343434112
434112214443443443434224444341
441112122211112111114344444344
112121121111111144444444444444
322213434444414444444444442142
211111111121112111100111111222
444444444444444444444444444444
122111111211123224443444443443
121212221111211212111123344444
122112221111111211444444411441
212111111444123343334314311122
322122111112224444444444443441
222221111111111133444434344243
322122211111111244444344431122
224333333443344333433344333444
332222144311111222222224444443
321111111211444443311144433333
221122122122222121111111114411
214443434444344444344434333344
222222211114441144444441124444
214444443434444444443344344411
411221323122222220114444444444
342221221111111111114444444441
212211112444444444343434434333
442120212214444444444444433344
212011211221211111111110144444
122222121221121111121111111111
011221121112124444444444443443
112221122111112110111244441110
221111211114444441121111221133
122212111111111101112211444444
211111111221411444442111144444
001000434440000444014444133440
001011010023133300444433401110
444240003344044003332014010333
100010000000000003221332234444
000000000000000000000000212440
000000320132223244432344432320
000001000000000333344100000044
110000000000002232444444244444
000003002244333322000000044444
000000000000003322214400000004
000000000003300000300000002323
000000000333334443333244200000
000000000022332333344443333333
001000000000000000232234422222
000000000001223332222244444444
001211323223122232244442223322
000033444444444000333344443330
000000300000002231222220444440
001110000000000000000333400000
001233332333212212244444341232
010002333344402232222444444004
000222222044444400333222342223
000000032322123444440234444434
000000000000000033322444333332
000003332222220300022433422222
000032333222222222224444440003
000000000000210000000022333443
000000000000000000000002344334
000000000032222222221444334444
000000000000023442443312330000
000000032220000323300000002343
000000000211300000000423324444
000000000000344444444000000044
000333300434004004000024420423
100344411423420444434444332333
400004434311334333432200000033
430000103443010043330010134442
330000210000000134312444444323
000000000000000004443333443333
000000000100444333333440000000
400000003442343340010043334333
000000000003234444443333333444
000000001010044333334000104331
000004444100000333343333333344
000141100432344434414344010010
000000332443333444444334433333
011114442443333331433100022334
443300000000110000011434444333
000000000003344334444333333333
444400344100104240044423444004
000010430123343331044444000001
400111010043003322144410002122
333301444014343333433334443343
004434443330432013414444433333
003332333232010444443333333333
111110001110001111111111111111
224000142343332334334332333233
010334010444444444444333322331
000000433333430010444444432243
100111001111144443344300344333
330000000000001100011100004344
101344433010133434333444444410
041200100143300324444434434444
000000110001333113300000010000
010100001000100000100000000004
003000144433011110000030344414
332222444111111111111444444443
220011111114444444443344444433
222211122444444444444440011221
444444333444444112211122221111
000001111001000011111100011111
444442221111112221111100011111
331111001111000000000000001111
222111111121112111111001001111
400011121111111100111111121243
111111110011221111100111110000
221011121111011110011111114443
222211114433444333444444441100
111100000444444444444444444444
111111111101444444433444344433
001124223110000010442321143430
001114421114444433334444443333
000011111144444444444444444333
010014443111021114444333311110
111111111222110001104441210101
121114444443433330012332342344
110033401100111143444444343433
112222111101234444333333332101
000111221111111111111111114433
112111100101000000000444333444
111010444434344331102433333344
011001143444443443333333343400
010111111000000000011144444211
000001111111111110000100000010
111001112144444433323333333333
222211111100000000044433444444
100122111110000004343431001444
000000000000000000000000000000
111121111111100000001000010000
111110000002222223311111121433
121222112111244444434443344444
212211322222224443444343334444
111223221111101114444444444444
221211111101000000002110111004
212221221144434444312224444441
222222211111212211111111212101
022222223222111111111044444444
222211444444444444444444444444
002221111111443442221101111221
222222211114411223212344422211
222211101110114424322211441111
222244423124444444444444444222
223222211111122111212344444443
233322121111434444444444444444
332222222223344444433434444431
222222222222211121243334422111
332111111111123324444444434343
422111111111111444444444442223
232111444444444344433343443342
322333212111221144443444444444
223322222332244444444444444222
221112222222222222222111133322
211212112122111221211111114444
232322211211101144433324444223
221210022110200343422232333234
342322344433233233333321220111
334440000003322222233322331111
222222222222222222222222222222
444444444444444442222222222111
113333311111111111331111111211
443443334411111113331000044222
333333333222222222222224444444
214444000001000040003233444444
112221224444433441444343434444
444332211443111121132122433334
211000000000000000422144444444
211143333333322344444400114442
221120000000000004444444444433
010001000003432232443233000332
320001111211100100004444333333
100000003313324234323332000000
000000000000000000004433333344
111111111000000044433333331111
100000004211100000210002233222
333111111000000000000000022222
111111111333223332222222333333
000112221100111334444433333333
221111122111334444444444444333
111122233344411111111111111222
000000011100000000000000000000
000000044422333322444444444444
300000011100444424410010333433
111000000000000000011111112222
000334444444333333333322333333
000111100111121111211200004233
111000003333223310000010110003
001111110000000000000000000000
230000000000100004400003232244
111111110003344444444444333333
111110000000001001143344333333
222222222111222111100000000000
000000000000000000000000000000
111111000111000000000000000000
222222240000000000001111244444
312112113412120134433343444443
111211144434444444333433300011
121122111111112133434334344334
324111100004411010010101043444
221111111114433333334444443443
111211111000144344444121213444
111111111110111001000044333441
122111221011343333334443444411
221211110211010111113433444433
111111011201114443434311111143
112111121121134333443444444411
111212122443434434444444433442
111210444444443221111111111111
111211114443433434334111111111
112211113334444444443333333333
111411112134444442114331212442
011111111444443333111110144444
111211121111111111111144434400
443333332223444434423334333334
111111104333443434433343334333
011211143334343333333333333333
211111011111111114334424343331
111111121044321111212111001043
111133333333343444434414333331
110433343432333333334324444411
211211111111111110101104443321
004444111111011011111111444421
111211212211012443333333333444
011111111011114412114444410111
110000003411011104412111121000
111110441111110104433431111044
111104441111122111044443444444
122000001121111112201444222344
011011221214444444444444444444
422110124443444444434410244334
344444443333433422110111114322
131110110011111344444444443444
331111110001111122222222222222
122111101144434441011044411120
121111101134444441221221104444
211022144444442441111112212220
012120111111111144444443344122
221211433334104421433444441220
312112221110444444444444444444
112222224444444422222222211111
110111211144444444444444444433
221111111122211111114422211000
004434444434441443443434410221
100121222121201212222122222141
344432211214443334434334344443
412220011111111111114444444444
110201202122101221144343443333
111110111221112111333434333211
101244443443444333433244443434
000000224344434111444444444433
222112111111444444444444344444
122011114444443334444444443331
222222222222111111111111111111
011111111111000111444444444444
110011111111111111111111111111
211111111044444444333333333222
122311111114444442114344444444
112122244311024444422222211144
444444211112111111111221111111
110033311221111111111221111111